   7       0 loop0 15996 0 1406140 40367 0 0 0 0 0 115067 40367 0 0 0 0 0 0
   7       1 loop1 13 0 40 3 0 0 0 0 0 3 3 0 0 0 0 0 0
   7       2 loop2 17 0 52 3 0 0 0 0 0 5 3 0 0 0 0 0 0
   7       3 loop3 17 0 58 3 0 0 0 0 0 3 3 0 0 0 0 0 0
   7       4 loop4 165 0 11352 88 0 0 0 0 0 91 88 0 0 0 0 0 0
   7       5 loop5 11 0 24 2 0 0 0 0 0 2 2 0 0 0 0 0 0
   7       6 loop6 128468 0 9320422 1254729 0 0 0 0 0 121992 1254729 0 0 0 0 0 0
   7       7 loop7 6936 0 637934 27483 0 0 0 0 0 69229 27483 0 0 0 0 0 0
 259       0 nvme0n1 3936561 421479 228015376 9340451 36834748 35405637 2560278794 185024315 1 17611487 194364766 0 0 0 0 0 0
 259       1 nvme0n1p1 3936169 419982 227998687 9340189 36834746 35405637 2560278792 185024314 1 19293830 194364503 0 0 0 0 0 0
 259       2 nvme0n1p14 37 0 544 12 0 0 0 0 0 11 12 0 0 0 0 0 0
 259       3 nvme0n1p15 304 1497 14177 229 2 0 2 1 0 54 231 0 0 0 0 0 0
   7       8 loop8 11 0 28 0 0 0 0 0 0 1 0 0 0 0 0 0 0
 259       4 nvme1n1 48555 158 1995954 31685 1056721 250911 23103432 1068189 0 1079812 1099874 0 0 0 0 0 0
 251     768 nvmesh/csi-e6c59d8f-f308-4bca 33240 0 15817600 2075831 4257 0 14414728 43210774 0 1211960 45286605 0 0 0 0 0 0
 251     256 nvmesh/csi-c36388b0-e863-40fd 7876 0 1628776 156276218 69110 0 884614936 3595076543 486 13155693 3751352761 0 0 0 0 0 0
