   7       0 loop0 16081 0 1413336 40413 0 0 0 0 0 115112 40413 0 0 0 0 0 0
   7       1 loop1 13 0 40 3 0 0 0 0 0 3 3 0 0 0 0 0 0
   7       2 loop2 17 0 52 3 0 0 0 0 0 5 3 0 0 0 0 0 0
   7       3 loop3 17 0 58 3 0 0 0 0 0 3 3 0 0 0 0 0 0
   7       4 loop4 165 0 11352 88 0 0 0 0 0 91 88 0 0 0 0 0 0
   7       5 loop5 11 0 24 2 0 0 0 0 0 2 2 0 0 0 0 0 0
   7       6 loop6 128499 0 9322392 1254751 0 0 0 0 0 122013 1254751 0 0 0 0 0 0
   7       7 loop7 6936 0 637934 27483 0 0 0 0 0 69229 27483 0 0 0 0 0 0
 259       0 nvme0n1 3944707 422319 228256360 9345400 36835415 35406293 2560293714 185024963 0 17614142 194370364 0 0 0 0 0 0
 259       1 nvme0n1p1 3944315 420822 228239671 9345139 36835413 35406293 2560293712 185024962 0 19296629 194370101 0 0 0 0 0 0
 259       2 nvme0n1p14 37 0 544 12 0 0 0 0 0 11 12 0 0 0 0 0 0
 259       3 nvme0n1p15 304 1497 14177 229 2 0 2 1 0 54 231 0 0 0 0 0 0
   7       8 loop8 11 0 28 0 0 0 0 0 0 1 0 0 0 0 0 0 0
 259       4 nvme1n1 48556 158 1995962 31686 1056735 250926 23103792 1068201 0 1079818 1099887 0 0 0 0 0 0
 251     768 nvmesh/csi-e6c59d8f-f308-4bca 33240 0 15817600 2075831 4257 0 14414728 43210774 0 1211960 45286605 0 0 0 0 0 0
 251     256 nvmesh/csi-c36388b0-e863-40fd 7876 0 1628776 156276218 69145 0 885894168 3598239920 451 13167846 3754516138 0 0 0 0 0 0
