   7       0 loop0 17280 0 1525692 118875 0 0 0 0 0 218875 118875 0 0 0 0 0 0
   7       1 loop1 14 0 42 5 0 0 0 0 0 5 5 0 0 0 0 0 0
   7       2 loop2 18 0 54 6 0 0 0 0 0 5 6 0 0 0 0 0 0
   7       3 loop3 18 0 62 6 0 0 0 0 0 7 6 0 0 0 0 0 0
   7       4 loop4 166 0 11354 296 0 0 0 0 0 292 296 0 0 0 0 0 0
   7       5 loop5 12 0 26 4 0 0 0 0 0 4 4 0 0 0 0 0 0
   7       6 loop6 167606 0 12258088 2819236 0 0 0 0 0 236721 2819236 0 0 0 0 0 0
   7       7 loop7 7938 0 727196 14582 0 0 0 0 0 67948 14582 0 0 0 0 0 0
 259       0 nvme0n1 4273054 583314 226208165 15414079 49302568 48401096 3034131938 209751360 0 22339978 225165439 0 0 0 0 0 0
 259       1 nvme0n1p1 4272770 582696 226192367 15413751 49302565 48401096 3034131928 209751358 0 28371092 225165110 0 0 0 0 0 0
 259       2 nvme0n1p14 37 0 544 13 0 0 0 0 0 11 13 0 0 0 0 0 0
 259       3 nvme0n1p15 196 618 13286 292 3 0 10 1 0 66 294 0 0 0 0 0 0
   7       8 loop8 11 0 28 0 0 0 0 0 0 0 0 0 0 0 0 0 0
 251     256 nvmesh/csi-5321bf45-df13-4975 20938 0 4987552 308453578 75835 0 1175039112 3868429865 387 12425029 4176883443 0 0 0 0 0 0
 251     512 nvmesh/csi-ef9ba400-87f9-41e4 62118 0 25197384 4754754 39542 0 68437152 284403806 0 2393935 289158560 0 0 0 0 0 0
