   7       0 loop0 17280 0 1525692 118875 0 0 0 0 0 218875 118875 0 0 0 0 0 0
   7       1 loop1 14 0 42 5 0 0 0 0 0 5 5 0 0 0 0 0 0
   7       2 loop2 18 0 54 6 0 0 0 0 0 5 6 0 0 0 0 0 0
   7       3 loop3 18 0 62 6 0 0 0 0 0 7 6 0 0 0 0 0 0
   7       4 loop4 166 0 11354 296 0 0 0 0 0 292 296 0 0 0 0 0 0
   7       5 loop5 12 0 26 4 0 0 0 0 0 4 4 0 0 0 0 0 0
   7       6 loop6 167606 0 12258088 2819236 0 0 0 0 0 236721 2819236 0 0 0 0 0 0
   7       7 loop7 7938 0 727196 14582 0 0 0 0 0 67948 14582 0 0 0 0 0 0
 259       0 nvme0n1 4273303 583325 226237589 15414444 49305158 48401804 3035064666 209791809 0 22342388 225206253 0 0 0 0 0 0
 259       1 nvme0n1p1 4273019 582707 226221791 15414116 49305155 48401804 3035064656 209791807 0 28373660 225205924 0 0 0 0 0 0
 259       2 nvme0n1p14 37 0 544 13 0 0 0 0 0 11 13 0 0 0 0 0 0
 259       3 nvme0n1p15 196 618 13286 292 3 0 10 1 0 66 294 0 0 0 0 0 0
   7       8 loop8 11 0 28 0 0 0 0 0 0 0 0 0 0 0 0 0 0
 251     256 nvmesh/csi-5321bf45-df13-4975 20938 0 4987552 308453578 75842 0 1175264648 3869343520 405 12436252 4177797098 0 0 0 0 0 0
 251     512 nvmesh/csi-ef9ba400-87f9-41e4 62118 0 25197384 4754754 39542 0 68437152 284403806 0 2393935 289158560 0 0 0 0 0 0
