   7       0 loop0 90701 0 8090656 9392178 0 0 0 0 0 3054832 9392178 0 0 0 0 0 0
   7       1 loop1 13 0 40 4 0 0 0 0 0 5 4 0 0 0 0 0 0
   7       2 loop2 20 0 58 7 0 0 0 0 0 8 7 0 0 0 0 0 0
   7       3 loop3 18 0 62 7 0 0 0 0 0 9 7 0 0 0 0 0 0
   7       4 loop4 165 0 11352 89 0 0 0 0 0 87 89 0 0 0 0 0 0
   7       5 loop5 12 0 26 3 0 0 0 0 0 5 3 0 0 0 0 0 0
   7       6 loop6 838078 0 61687606 95619669 0 0 0 0 0 5020528 95619669 0 0 0 0 0 0
   7       7 loop7 24886 0 2356640 1613160 0 0 0 0 0 647253 1613160 0 0 0 0 0 0
 259       0 nvme1n1 1170880 13739 212153350 1029578 5842508 2466310 1024676088 10021671 0 4219480 11051249 0 0 0 0 0 0
 259       1 nvme0n1 32839669 4289621 2301467104 496220492 111885200 148168037 10423336050 349338912 0 42084470 845559405 0 0 0 0 0 0
 259       3 nvme0n1p1 32839277 4288124 2301450415 496220223 111885198 148168037 10423336048 349338911 0 54044424 845559134 0 0 0 0 0 0
 259       4 nvme0n1p14 37 0 544 21 0 0 0 0 0 24 21 0 0 0 0 0 0
 259       5 nvme0n1p15 304 1497 14177 218 2 0 2 1 0 83 220 0 0 0 0 0 0
   7       8 loop8 11 0 28 0 0 0 0 0 0 0 0 0 0 0 0 0 0
 251     256 nvmesh/csi-21d4b107-85d5-4a84 24325 0 12230008 1773683 372 0 41344 255721 0 940317 2029404 0 0 0 0 0 0
 251     512 nvmesh/csi-d8cca2c9-87ae-48df 2304 0 609072 34699226 43867 0 260188680 3889660555 1870 3730291 3924359781 0 0 0 0 0 0
